0001101 0001001 01
0010010 0011000 01
0010010 0010000 01
0000010 0011011 01
0000110 0000111 01
0000010 0010010 01
0001111 0001000 01
0000010 0010101 01
0010110 0011010 01
0001000 0011000 01
0000111 1111111 01
0011110 0010101 01
0100001 0010000 01
0001001 0010011 01
0010000 0001100 01
0100000 0000011 01
0001100 0010111 01
0011110 0001100 01
0010111 0001101 01
0010000 0010001 01
0001101 0100100 01
0011110 0100010 01
0010110 0000101 01
0001011 0001100 01
0010011 0011000 01
0001001 1111111 01
0010001 0011010 01
0011100 0001101 01
0010100 0011011 01
0001010 0001001 01
0010011 0001001 01
0001010 0100011 01
0100000 0010101 01
0000010 0001110 01
0001011 0001000 01
0010110 0011001 01
0001001 0010011 01
0010000 1111110 01
0010101 0001001 01
0011010 0101000 01
0001001 0010000 01
0001111 0000000 01
0001100 0001001 01
0001111 0001101 01
0010011 0010110 01
0001011 0001111 01
0010110 0010001 01
0010011 0010000 01
0001100 0001000 01
0010010 0011001 01
0011000 0001101 01
0011000 0001100 01
0010101 0010010 01
0001111 0001111 01
0001011 0001100 01
0010010 0010001 01
0001100 0100001 01
0001101 0010100 01
0010111 0001011 01
0011100 0001001 01
0010101 0001110 01
0100000 0000011 01
0000100 0011111 01
0010000 0010010 01
0010001 0000111 01
0011101 0010001 01
0010100 0000100 01
0001101 0010101 01
0010100 0001111 01
0010101 0010000 01
0010001 0010011 01
0000000 0010111 01
0011000 0001010 01
1110100 0000100 01
0010001 0001111 01
0000100 0001001 01
0001101 0010011 01
0011011 0000001 01
0001100 0010111 01
0011111 0010010 01
0010110 0000111 01
0001110 0001101 01
0001001 0010111 01
0001100 0100011 01
0010011 0001101 01
1111101 0011011 01
0010101 0001001 01
0010010 0010010 01
0010111 0001110 01
0100000 0010011 01
0001101 0001100 01
0001000 0000101 01
0011001 0001110 01
0010111 0010100 01
0001111 0001100 01
0001011 0001111 01
0010010 0010011 01
0000111 0010100 01
0010001 0001010 01
0001011 0001110 01
1110111 1101010 11
1110011 1101001 11
1100101 1111110 11
1111100 1101001 11
1101011 1101110 11
1101010 1101001 11
1100101 1110111 11
1101111 1110000 11
1101111 1110001 11
1101101 1111000 11
1101001 1110101 11
1100011 1110110 11
0001000 1011111 11
1111100 1110010 11
1101101 1111000 11
1101111 1110011 11
1110011 1110111 11
1110000 0000001 11
1101011 1111010 11
1110111 1100111 11
1100111 1101001 11
0000000 1101111 11
1100010 1101011 11
1101101 1101111 11
1110111 1111010 11
1110001 1101100 11
1100100 1101110 11
1110111 1101110 11
1110001 1110101 11
1101001 1111000 11
1110011 1101111 11
1110110 1101101 11
0000001 1110111 11
1101111 1110110 11
1101110 1110100 11
1101100 0001010 11
1100001 1110000 11
1110100 1110011 11
1100000 1101111 11
1101110 1110101 11
1101110 1101100 11
1110111 1111000 11
1011010 1111111 11
1110111 1110001 11
1101100 1101111 11
1100110 1101011 11
1110000 1101100 11
1110010 1100010 11
1101101 1110000 11
1100100 1101001 11
1111010 1111010 11
1110010 1110001 11
1101010 1110000 11
1111010 1111011 11
1110011 1100010 11
1100110 1110011 11
1110101 1101000 11
1100010 1101011 11
1101000 1110010 11
1110001 1110111 11
1110011 1101001 11
1110001 1110100 11
1100001 1111100 11
1110111 1101001 11
1111010 1101000 11
1111001 1110000 11
1101011 1110101 11
1101101 1110000 11
1101000 1101001 11
1110010 1110001 11
1110010 1110010 11
1101010 1101100 11
1110111 1100111 11
1110111 1110011 11
1110101 1110000 11
1101010 1101101 11
1100101 1101011 11
1110101 1101100 11
1111100 1101001 11
1100110 1101000 11
1011110 1111010 11
1111011 1101110 11
1110000 1100010 11
1111001 1101100 11
1111000 1111000 11
1100110 1101100 11
1101101 1111110 11
1101001 1101010 11
1110001 1101010 11
1111001 1101000 11
1110000 1111001 11
1011111 1101011 11
1111010 1110011 11
1110000 1100011 11
1101100 1101011 11
1011111 1110101 11
1110011 1100110 11
1110010 1110000 11
1110011 1110100 11
1100111 1111110 11
